12.9201
14.0666
14.9745
15.7557
16.4322
17.0334
17.5635
18.0382
18.4577
18.8464
19.1904
19.5113
19.8080
20.0819
20.3389
20.5808
20.8054
21.0180
21.2231
21.4178
21.6060
21.7845
21.9576
22.1241
22.2857
22.4447
22.5964
22.7408
22.8825
23.0215
23.1607
23.2953
23.4262
23.5531
23.6800
23.8046
23.9244
24.0462
24.1649
24.5110
24.7821
25.0776
25.3704
25.6627
25.9560
26.2467
26.5332
26.8170
27.1131
27.4072
27.7073
28.0030
28.2835
28.5564
28.8208
29.0828
29.3456
29.6081
29.8775
30.1411
30.4325
30.7132
30.9731
31.2305
31.4801
31.7319
31.9755
32.2238
32.4651
32.7230
32.9719
33.2352
33.4874
33.7344
33.9704
34.2002
34.4340
34.6600
34.8887
35.1129
35.3438
35.5661
35.7920
36.0154
36.2383
36.4731
36.6836
36.8844
37.0883
37.2925
37.4947
37.6990
37.8921
38.0806
38.2712
38.4748
38.6718
38.8764
39.0649
39.2415
39.4140
39.5848
39.7676
39.9376
40.0954
40.2525
40.4115
40.5804
40.7376
40.8870
41.0333
41.1775
41.3246
41.4646
41.5965
41.7229
41.8526
41.9584
42.0777
42.2078
42.3103
42.4060
42.5179
42.6108
42.7117
42.8195
42.8956
43.0084
43.0709
43.1362
43.2267
43.2972
43.3862
43.4112
43.4832
43.5643
43.6284
43.6780
43.7217
43.7581
43.8152
43.8939
43.9395
43.9837
44.0153
44.0391
44.0904
44.1145
44.1633
44.1747
44.2123
44.2515
44.2786
44.3029
44.3070
44.3842
44.3870
44.3544
44.3832
44.3911
44.4149
44.4497
44.4401
44.4571
44.5028
44.4969
44.4740
44.5096
44.4923
44.4854
44.4696
44.5189
44.5592
44.5693
44.5801
44.5730
44.6115
44.5936
44.5995
44.5948
44.6053
44.6373
44.6533
44.6308
44.6152
44.6373
44.6277
44.6645
44.6637
44.6915
44.6722
44.7031
44.6581
44.6654
44.6807
44.7037
44.6927
44.6856
44.6941
44.6820
44.6742
44.7042
44.6601
44.6928
44.6875
44.6888
44.7016
44.6885
44.7073
44.7052
44.7295
44.7299
44.7402
44.7466
44.7711
44.7386
44.7358
44.7624
44.7591
44.8012
44.7723
44.7444
44.7413
44.7278
44.7956
44.7774
44.7749
44.7524
44.7370
44.7614
44.7763
44.7443
44.7478
44.7610
44.7525
44.7563
44.7230
44.7525
44.7552
44.6845
44.6761
44.7244
44.7069
44.7012
44.6882
44.7012
44.6859
44.7036
44.6895
44.6927
44.7169
44.7181
44.7166
44.7057
44.7403
44.7432
44.7013
44.7013
44.6865
44.6517
44.6921
44.6831
44.6816
44.6937
44.7059
44.7144
44.6820
44.6888
44.7272
44.7203
44.7074
44.7264
44.7066
44.6931
44.7163
44.7606
44.7611
44.7421
44.7352
44.7376
44.7388
44.7573
44.7289
44.7272
44.7104
44.6818
44.6725
44.6728
44.6798
44.6783
44.7030
44.7083
44.6884
44.6705
44.7113
44.7009
44.7375
44.7520
44.7313
44.7041
44.7195
44.7371
44.7034
44.7080
44.7488
44.7555
44.7300
44.7269
44.7329
44.7020
44.6912
44.7016
44.6975
44.6899
44.7091
44.7119
44.7208
44.7209
44.6991
44.6976
44.7611
44.7364
44.7288
44.7068
44.7333
44.7003
44.7218
44.6896
44.6694
44.6735
44.6490
44.6840
44.6827
44.6769
44.6606
44.6877
44.7092
44.7123
44.7167
44.7120
44.7283
44.7404
44.7240
44.7318
44.7341
44.7372
44.7266
44.6917
44.6913
44.7109
44.6847
44.6984
44.7107
44.7043
44.6773
44.7349
44.7303
44.7429
44.7477
44.7641
44.7803
44.7533
44.7206
44.7673
44.7576
44.7308
44.7362
44.7381
44.7463
44.7410
44.7559
44.7304
44.7224
44.7620
44.7515
44.7510
44.7298
44.7351
44.7531
44.7602
44.7530
44.7399
44.7317
44.7425
44.7437
44.7610
44.7771
44.7686
44.7559
44.7467
44.7320
44.7310
44.7605
44.7646
44.7423
44.7594
44.7549
44.7541
44.7262
44.7022
44.7312
44.7559
44.7211
44.7119
44.7020
44.7220
44.7396
44.7528
44.7037
44.7089
44.6788
44.6909
44.6656
44.6724
44.6712
44.7142
44.6944
44.6949
44.6966
44.6873
44.6832
44.6900
44.7264
44.6753
44.6747
44.6555
44.6431
44.6681
44.6773
44.6667
44.6922
44.6892
44.6484
44.6277
44.6564
44.6529
44.6590
44.6915
44.7083
44.7031
44.6702
44.6712
44.6912
44.6579
44.6721
44.6577
44.5856
44.6146
44.6312
44.6452
44.6738
44.6292
44.5939
44.6292
44.6482
44.6479
44.6565
44.5933
44.6337
44.6171
44.6204
44.6467
44.6545
44.6406
44.6353
44.6612
44.6396
44.6209
44.6580
44.6348
44.6347
44.6564
44.6842
44.6827
44.6815
44.6666
44.6846
44.6905
44.6452
44.6515
44.6596
44.6690
44.6770
44.6561
44.6721
44.6863
44.6680
44.6669
44.6816
44.7119
44.6674
44.6469
44.6663
44.6694
44.6714
44.6665
44.6601
44.6803
44.6835
44.7017
44.6623
44.6963
44.6791
44.6928
44.6986
44.6355
44.6368
44.6451
44.6240
44.6877
44.6326
44.6599
44.6685
44.6795
44.6739
44.7008
44.7148
44.6870
44.6818
44.6454
44.6587
44.6406
44.6409
44.6413
44.6201
44.6349
44.6753
44.6829
44.6668
44.6793
44.6501
44.6644
44.6889
44.6583
44.6911
44.6646
44.6592
44.6428
44.6277
44.6284
44.6410
44.6708
44.6590
44.6936
44.6701
44.6698
44.6563
44.6878
44.6856
44.6848
44.6475
44.6970
44.6824
44.6679
44.6757
44.6432
44.6473
44.6888
44.6879
44.7113
44.6679
44.6727
44.6626
44.6721
44.6901
44.6756
44.6814
44.6897
44.6895
44.6908
44.6837
44.6951
44.7056
44.7031
44.6946
44.6921
44.7006
44.6649
44.6749
44.6668
44.6389
44.6615
44.6811
44.7062
44.6874
44.6624
44.6755
44.6684
44.6394
44.6440
44.6214
44.6430
44.6345
44.6319
44.6410
44.6410
44.6376
44.6243
44.6445
44.6704
44.6301
44.6727
44.6433
44.6539
44.6525
44.6731
44.6775
44.6757
44.6837
44.6536
44.6759
44.6607
44.6784
44.6758
44.6728
44.6499
44.6525
44.6166
44.6598
44.6729
44.6682
44.6593
44.6271
44.6152
44.6287
44.6370
44.6605
44.6861
44.6849
44.6965
44.7079
44.6943
44.6931
44.7098
44.7096
44.7216
44.6683
44.6753
44.6902
44.6960
44.6952
44.7055
44.7346
44.7181
44.6939
44.7220
44.7084
44.7332
44.7463
44.7497
44.7354
44.7145
44.7288
44.7447
44.7221
44.7250
44.7544
44.7467
44.7331
44.7512
44.7398
44.7612
44.7341
44.7385
44.7434
44.7319
44.7527
44.7439
44.7543
44.6878
44.7150
44.7164
44.6994
44.6931
44.7098
44.7096
44.7216
44.6683
44.6753
44.6902
44.6960
44.6952
44.7055
44.7142
44.6944
44.6949
44.6966
44.6873
44.6832
44.6900
44.7264
44.6753
44.6747
44.6555
44.6431
44.7221
44.7250
44.7544
44.7467
44.7512