0.1979
0.2874
0.3487
0.3966
0.4355
0.4694
0.4970
0.5218
0.5443
0.5642
0.5825
0.5997
0.6154
0.6312
0.6455
0.6592
0.6713
0.6836
0.6950
0.7050
0.7152
0.7244
0.7328
0.7406
0.7485
0.7560
0.7626
0.7689
0.7748
0.7800
0.7858
0.7910
0.7959
0.8011
0.8059
0.8106
0.8145
0.8190
0.8230
0.8363
0.8457
0.8553
0.8644
0.8731
0.8812
0.8888
0.8957
0.9024
0.9089
0.9151
0.9207
0.9258
0.9304
0.9347
0.9386
0.9422
0.9455
0.9487
0.9516
0.9543
0.9570
0.9597
0.9619
0.9639
0.9657
0.9676
0.9692
0.9707
0.9718
0.9733
0.9747
0.9759
0.9769
0.9781
0.9790
0.9798
0.9806
0.9814
0.9821
0.9826
0.9833
0.9839
0.9844
0.9851
0.9853
0.9859
0.9864
0.9866
0.9869
0.9874
0.9877
0.9881
0.9884
0.9885
0.9888
0.9891
0.9893
0.9896
0.9897
0.9900
0.9900
0.9902
0.9904
0.9905
0.9906
0.9907
0.9909
0.9912
0.9913
0.9913
0.9912
0.9912
0.9915
0.9915
0.9917
0.9917
0.9919
0.9920
0.9921
0.9922
0.9922
0.9919
0.9921
0.9922
0.9923
0.9924
0.9924
0.9925
0.9924
0.9924
0.9923
0.9924
0.9926
0.9922
0.9925
0.9927
0.9927
0.9927
0.9926
0.9924
0.9926
0.9927
0.9928
0.9927
0.9927
0.9926
0.9928
0.9927
0.9928
0.9927
0.9928
0.9929
0.9928
0.9928
0.9926
0.9929
0.9929
0.9927
0.9928
0.9927
0.9928
0.9928
0.9927
0.9926
0.9929
0.9929
0.9927
0.9928
0.9927
0.9928
0.9927
0.9927
0.9928
0.9929
0.9929
0.9929
0.9929
0.9929
0.9929
0.9928
0.9928
0.9929
0.9929
0.9928
0.9927
0.9929
0.9927
0.9928
0.9928
0.9929
0.9929
0.9929
0.9927
0.9927
0.9927
0.9929
0.9929
0.9928
0.9930
0.9928
0.9927
0.9930
0.9928
0.9930
0.9930
0.9929
0.9930
0.9929
0.9929
0.9929
0.9930
0.9930
0.9929
0.9929
0.9930
0.9928
0.9929
0.9930
0.9930
0.9931
0.9930
0.9928
0.9929
0.9928
0.9931
0.9929
0.9929
0.9929
0.9929
0.9929
0.9930
0.9929
0.9929
0.9931
0.9930
0.9930
0.9929
0.9929
0.9930
0.9927
0.9927
0.9930
0.9929
0.9929
0.9928
0.9929
0.9929
0.9930
0.9929
0.9929
0.9930
0.9929
0.9929
0.9929
0.9931
0.9931
0.9928
0.9928
0.9928
0.9928
0.9929
0.9928
0.9928
0.9929
0.9930
0.9929
0.9929
0.9928
0.9929
0.9929
0.9929
0.9928
0.9928
0.9928
0.9928
0.9930
0.9930
0.9929
0.9929
0.9930
0.9929
0.9929
0.9929
0.9929
0.9929
0.9927
0.9927
0.9927
0.9927
0.9928
0.9929
0.9929
0.9928
0.9928
0.9930
0.9928
0.9930
0.9930
0.9929
0.9929
0.9928
0.9929
0.9929
0.9929
0.9930
0.9931
0.9929
0.9929
0.9930
0.9930
0.9928
0.9929
0.9929
0.9929
0.9930
0.9930
0.9930
0.9929
0.9928
0.9928
0.9931
0.9930
0.9929
0.9928
0.9930
0.9930
0.9930
0.9929
0.9927
0.9929
0.9927
0.9928
0.9929
0.9930
0.9929
0.9929
0.9929
0.9930
0.9930
0.9928
0.9930
0.9929
0.9930
0.9930
0.9931
0.9930
0.9928
0.9928
0.9929
0.9930
0.9929
0.9928
0.9929
0.9929
0.9928
0.9930
0.9930
0.9930
0.9930
0.9931
0.9931
0.9929
0.9929
0.9930
0.9930
0.9930
0.9930
0.9930
0.9930
0.9930
0.9930
0.9929
0.9929
0.9931
0.9931
0.9930
0.9930
0.9930
0.9931
0.9931
0.9931
0.9931
0.9930
0.9930
0.9930
0.9930
0.9931
0.9931
0.9931
0.9931
0.9929
0.9929
0.9930
0.9931
0.9929
0.9930
0.9931
0.9930
0.9929
0.9928
0.9930
0.9931
0.9931
0.9929
0.9929
0.9930
0.9930
0.9930
0.9929
0.9930
0.9928
0.9929
0.9928
0.9927
0.9929
0.9930
0.9929
0.9928
0.9929
0.9929
0.9928
0.9928
0.9930
0.9929
0.9928
0.9927
0.9927
0.9928
0.9929
0.9928
0.9929
0.9928
0.9927
0.9925
0.9927
0.9927
0.9928
0.9928
0.9929
0.9929
0.9927
0.9928
0.9928
0.9927
0.9928
0.9928
0.9925
0.9926
0.9927
0.9927
0.9929
0.9928
0.9926
0.9928
0.9928
0.9928
0.9928
0.9927
0.9928
0.9927
0.9928
0.9929
0.9929
0.9929
0.9928
0.9928
0.9926
0.9927
0.9928
0.9927
0.9926
0.9927
0.9929
0.9929
0.9929
0.9927
0.9929
0.9929
0.9927
0.9927
0.9927
0.9927
0.9929
0.9927
0.9928
0.9929
0.9928
0.9928
0.9929
0.9930
0.9927
0.9928
0.9929
0.9927
0.9928
0.9929
0.9927
0.9928
0.9929
0.9929
0.9926
0.9928
0.9927
0.9927
0.9928
0.9927
0.9926
0.9926
0.9925
0.9928
0.9927
0.9928
0.9927
0.9928
0.9928
0.9929
0.9929
0.9928
0.9928
0.9926
0.9927
0.9927
0.9928
0.9927
0.9926
0.9926
0.9929
0.9929
0.9928
0.9928
0.9926
0.9927
0.9929
0.9927
0.9928
0.9927
0.9928
0.9928
0.9927
0.9928
0.9927
0.9928
0.9928
0.9929
0.9928
0.9928
0.9928
0.9930
0.9930
0.9930
0.9928
0.9930
0.9929
0.9928
0.9929
0.9929
0.9929
0.9929
0.9929
0.9930
0.9928
0.9928
0.9928
0.9929
0.9928
0.9929
0.9928
0.9929
0.9929
0.9929
0.9929
0.9927
0.9929
0.9928
0.9929
0.9927
0.9927
0.9927
0.9929
0.9928
0.9927
0.9928
0.9928
0.9930
0.9929
0.9929
0.9930
0.9929
0.9929
0.9929
0.9927
0.9929
0.9929
0.9928
0.9928
0.9928
0.9928
0.9928
0.9929
0.9929
0.9929
0.9931
0.9929
0.9928
0.9928
0.9929
0.9930
0.9929
0.9929
0.9927
0.9929
0.9927
0.9928
0.9929
0.9928
0.9928
0.9929
0.9927
0.9928
0.9929
0.9929
0.9928
0.9928
0.9926
0.9928
0.9928
0.9928
0.9929
0.9928
0.9929
0.9929
0.9929
0.9929
0.9929
0.9929
0.9930
0.9928
0.9929
0.9929
0.9929
0.9929
0.9929
0.9930
0.9929
0.9928
0.9929
0.9929
0.9930
0.9930
0.9931
0.9930
0.9929
0.9931
0.9929
0.9928
0.9928
0.9930
0.9930
0.9930
0.9930
0.9930
0.9931
0.9929
0.9930
0.9931
0.9930
0.9929
0.9929
0.9931
0.9927
0.9929
0.9930
0.9929
0.9930
0.9929
0.9929
0.9930
0.9929
0.9929
0.9929
0.9931
0.9931
0.9930
0.9930
0.9928
0.9930
0.9929
0.9930
0.9930
0.9931
0.9929
0.9931
0.9931
0.9930
0.9930
0.9928
0.9930
0.9929
0.9931
0.9931